0
0 4.000000 0.000000 
1 3.000000 0.000000 
2 2.000000 0.000000 
2 5.000000 0.000000 
3 1.000000 0.000000 
3 6.000000 0.000000 
4 0.000000 0.000000 
4 7.000000 0.000000 
5 0.000000 1.000000 
5 1.000000 1.000000 
5 2.000000 1.000000 
5 3.000000 1.000000 
5 4.000000 3.000000 
5 2.000000 5.000000 
5 6.000000 1.000000 
5 7.000000 1.000000 

0 4.000000 7.000000 
1 3.000000 7.000000 
2 2.000000 7.000000 
2 5.000000 7.000000 
3 1.000000 7.000000 
3 6.000000 7.000000 
4 0.000000 7.000000 
4 7.000000 7.000000 
5 0.000000 6.000000 
5 1.000000 6.000000 
5 2.000000 6.000000 
5 3.000000 6.000000 
5 2.000000 3.000000 
5 5.000000 6.000000 
5 6.000000 6.000000 
5 7.000000 6.000000 
1 